% Ministerio da Saude
% https://covid.saude.gov.br/
% Painel Coronavírus
% Atualizado em:
% 16/05/2021 17:50
% Baixar do link 'Arquivo CSV'
% Período: 25/02/2020-16/05/2021
% casos novos no Brasil
%
% Para carregar no MATLAB/Octave:
% >> covid_casos_novos_brasil.m
%
x=[
0
1
0
0
1
0
0
0
1
4
6
6
6
0
9
18
25
21
23
79
34
57
137
193
283
224
418
345
310
232
482
502
486
353
323
1138
1117
1076
1146
1222
852
926
1661
2210
1930
1781
1089
1442
1261
1832
3058
2105
3257
2917
2055
1927
2498
2678
3735
3503
5514
3379
4613
5385
6276
7218
5919
5097
4751
6633
6935
10503
9888
10222
10611
6760
5632
9258
11385
13944
15305
14919
7938
13140
17408
19951
18508
20803
16508
15813
11687
16324
20599
26417
26928
33274
15760
12247
28936
28633
30925
30830
27075
18912
15654
32091
32913
30412
25982
21704
17110
20647
34918
32188
22765
54771
34666
17459
21432
39436
42725
39483
46860
38693
30476
24052
33846
46712
48105
42223
37923
26051
20229
45305
44571
42619
45048
39023
24831
20286
41857
39924
45403
34177
28532
23529
20257
41008
67860
59961
55891
51147
24578
23284
40816
69074
57837
52383
45392
25800
16641
51603
55676
54615
50230
49970
23010
22048
52160
55155
60091
50644
41576
23101
19373
47784
49298
45323
30355
50032
23421
17078
47134
47161
44235
43412
41350
16158
45961
42659
46934
43773
51194
30168
14521
10273
14279
35816
40557
43718
33523
14768
15155
36653
36820
36303
39797
33057
16389
13439
33536
33281
32817
31911
28378
14318
13155
32058
33413
36157
33431
26310
8456
11946
41906
31553
27750
27444
26749
12342
8429
10220
27235
28523
30914
24062
10982
15383
23227
24818
24858
30026
26979
13493
15726
29787
28629
26106
22282
18947
10100
8501
11843
23976
22294
21428
19814
10554
10917
25012
48331
33207
29070
38307
14134
13371
35294
34091
35918
38397
32622
18615
16207
31100
47898
37614
34130
51922
24468
21138
50909
49863
50434
46884
43209
26363
20371
51088
53453
53347
54428
43900
21825
25193
42889
70574
69826
52544
50177
25445
25019
55202
46696
60076
0
22967
17246
18479
20548
58718
55649
56773
24605
15827
17341
20006
56648
63430
87843
52035
62290
29792
25822
64025
60899
0
67758
69198
61567
33040
23671
62094
64385
59119
56552
62334
28323
26816
61963
63520
61811
59826
58462
27756
24591
54096
56002
56873
50872
50630
26845
23439
51486
59602
54742
51546
44299
24759
32197
55271
56766
51879
51050
57472
29026
26986
62715
66588
65998
65169
61602
34027
35742
59925
71704
75102
75495
69609
80508
32321
70764
79876
75412
85663
76178
43812
36239
83926
90303
86982
90570
79069
47774
49293
82493
89992
100158
84245
85948
44326
38927
84494
90638
91097
70238
43515
31359
28645
86979
92625
86652
93317
71832
37017
35785
82186
73513
73174
85774
67636
42980
30624
69381
79719
45178
69105
71137
32572
28636
72140
79726
69389
68333
66964
28935
24619
77359
73295
73380
78886
63430
38911
25200
72715
76692
74592
85536
67009
40941
];
